0.01820	1.000000
0.02005	0.781111
0.02175	0.663208
0.02335	0.576230
0.02555	0.481507
0.02625	0.433669
0.02690	0.412253
0.02760	0.392853
0.02945	0.344253
0.03005	0.348020
0.03125	0.306353
0.03235	0.285406
0.03290	0.262173
0.03345	0.253783
0.03450	0.238518
0.03500	0.243741
0.03555	0.224985
0.03605	0.242414
0.03650	0.212905
0.03700	0.218252
0.03750	0.202057
0.03795	0.197036
0.03845	0.182647
0.03890	0.197589
0.03935	0.174201
0.04025	0.175265
0.04070	0.162901
0.04115	0.167846
0.04155	0.164367
0.04200	0.152978
0.04240	0.157825
0.04285	0.154746
0.04325	0.144195
0.04410	0.138879
0.04450	0.136365
0.04490	0.140991
0.04530	0.131601
0.04570	0.136150
0.04605	0.120801
0.04645	0.125049
0.04685	0.129481
0.04720	0.114979
0.04760	0.119118
0.04795	0.129932
0.04835	0.115466
0.04870	0.119709
0.04910	0.112032
0.04945	0.116201
0.04980	0.103357
0.05015	0.101886
0.05050	0.100456
0.05120	0.108269
0.05155	0.101470
0.05190	0.100122
0.05225	0.098809
0.05295	0.091469
0.05330	0.095069
0.05360	0.089190
0.05395	0.088092
0.05430	0.087021
0.05495	0.089427
0.05525	0.088378
0.05560	0.078836
0.05590	0.082034
0.05625	0.077049
0.05655	0.084417
0.05685	0.075342
0.05720	0.074516
0.05750	0.077588
0.05780	0.076756
0.05810	0.072144
0.05840	0.075144
0.05870	0.070645
0.05905	0.069919
0.05935	0.069207
0.05995	0.075154
0.06025	0.067157
0.06055	0.070000
0.06080	0.065856
0.06110	0.061963
0.06140	0.064604
0.06170	0.063996
0.06230	0.066120
0.06255	0.062239
0.06285	0.061674
0.06315	0.064337
0.06340	0.060576
0.06370	0.063201
0.06400	0.056539
0.06425	0.062104
0.06455	0.055567
0.06480	0.057992
0.06535	0.054169
0.06565	0.056546
0.06590	0.056079
0.06620	0.052839
0.06670	0.051989
0.06700	0.057145
0.06750	0.053435
0.06780	0.055809
0.06805	0.049978
0.06830	0.047114
0.06860	0.049216
0.06910	0.048477
0.06935	0.050649
0.06985	0.052532
0.07015	0.047065
0.07040	0.049183
0.07065	0.046389
0.07090	0.046058
0.07115	0.043445
0.07140	0.047800
0.07165	0.042839
0.07215	0.044472
0.07240	0.041960
0.07290	0.043572
0.07360	0.042708
0.07460	0.039527
0.07485	0.041342
0.07505	0.039025
0.07530	0.038778
0.07600	0.038057
0.07670	0.041398
0.07695	0.037135
0.07720	0.038855
0.07740	0.036691
0.07790	0.034445
0.07810	0.036045
0.07855	0.035626
0.07945	0.034818
0.07990	0.034427
0.08060	0.033857
0.08125	0.031641
0.08150	0.031470
0.08300	0.030324
0.08345	0.030012
0.08385	0.042538
0.08405	0.029555
0.08430	0.040004
0.08470	0.039604
0.08515	0.039212
0.08575	0.038639
0.08595	0.036529
0.08620	0.036353
0.08640	0.036179
0.08700	0.035665
0.08720	0.033722
0.08805	0.034840
0.08825	0.032946
0.08885	0.032497
0.08905	0.034053
0.08945	0.032060
0.08985	0.031776
0.09005	0.031635
0.09025	0.031496
0.09085	0.029531
0.09145	0.029152
0.09180	0.028904
0.09200	0.023443
0.09240	0.030042
0.09300	0.028185
0.09315	0.028069
0.09375	0.029184
0.09415	0.027501
0.09490	0.025710
0.09510	0.026956
0.09585	0.025208
0.09600	0.025110
0.09620	0.029174
0.09660	0.028950
0.09675	0.024726
0.09695	0.025928
0.09715	0.024538
0.09750	0.028404
0.09770	0.025538
0.09785	0.026782
0.09805	0.025348
0.09860	0.026387
0.09880	0.023727
0.09930	0.022295
0.09950	0.025909
0.09970	0.022134
0.10020	0.023049
0.10040	0.025449
0.10075	0.024006
0.10110	0.023837
0.10130	0.023754
0.10145	0.023671
0.10180	0.027418
0.10200	0.021143
0.10215	0.025868
0.10250	0.020926
0.10285	0.025518
0.10305	0.022952
0.10340	0.025261
0.10355	0.023918
0.10375	0.023838
0.10390	0.019352
0.10410	0.021372
0.10440	0.023525
0.10460	0.022276
0.10495	0.021024
0.10510	0.019908
0.10530	0.023145
0.10545	0.021917
0.10560	0.020754
0.10580	0.020687
0.10595	0.021707
0.10615	0.022776
0.10645	0.018434
0.10665	0.018376
0.10680	0.021366
0.10695	0.021299
0.10715	0.021232
0.10730	0.019102
0.10745	0.020045
0.10765	0.018984
0.10795	0.018867
0.10815	0.017869
0.10845	0.019679
0.10895	0.020527
0.10910	0.017546
0.10945	0.019326
0.10960	0.019268
0.10995	0.017286
0.11010	0.017235
0.11045	0.018036
0.11110	0.018764
0.11125	0.018710
0.11155	0.016789
0.11190	0.017571
0.11205	0.017521
0.11235	0.015723
0.11250	0.016503
0.11270	0.017323
0.11285	0.018183
0.11300	0.018132
0.11330	0.017129
0.11345	0.017981
0.11380	0.017881
0.11395	0.016093
0.11410	0.019704
0.11440	0.016801
0.11475	0.018515
0.11490	0.015831
0.11520	0.016574
0.11535	0.018315
0.11550	0.018266
0.11565	0.016441
0.11615	0.018072
0.11630	0.014681
0.11675	0.015332
0.11690	0.017835
0.11705	0.016899
0.11720	0.015211
0.11750	0.016767
0.11765	0.017604
0.11795	0.016638
0.11810	0.016595
0.11825	0.016553
0.11840	0.015685
0.11855	0.016468
0.11885	0.014048
0.11900	0.015526
0.11945	0.013907
0.11975	0.015332
0.11990	0.014529
0.12020	0.016019
0.12065	0.015106
0.12080	0.015068
0.12110	0.013533
0.12125	0.015746
0.12155	0.014886
0.12215	0.014743
0.12230	0.014707
0.12260	0.013210
0.12290	0.013839
0.12300	0.013807
0.12345	0.013024
0.12360	0.013677
0.12375	0.014363
0.12390	0.012286
0.12420	0.013550
0.12435	0.012842
0.12460	0.014164
0.12520	0.013333
0.12560	0.012580
0.12590	0.012523
0.12635	0.011817
0.12730	0.012246
0.12775	0.012165
0.12815	0.012086
0.12860	0.013304
0.12885	0.012585
0.12925	0.011285
0.12940	0.011853
0.13025	0.011703
0.13135	0.011508
0.13145	0.010910
0.13270	0.010710
0.13350	0.010581
0.13430	0.010455
0.13615	0.009663
0.13825	0.009373
0.14970	0.012050
0.14995	0.011411
0.15020	0.011375
0.15040	0.010772
0.15080	0.011285
0.15090	0.010704
0.15100	0.010687
0.15115	0.010670
0.15150	0.010620
0.15160	0.010073
0.15210	0.010538
0.15220	0.009996
0.15255	0.009949
0.15265	0.010457
0.15290	0.009904
0.15315	0.009873
0.15325	0.009858
0.15335	0.009843
0.15370	0.009309
0.15405	0.009266
0.15430	0.009238
0.15465	0.009681
0.15500	0.009156
0.15510	0.009142
0.15545	0.009580
0.15570	0.009075
0.15615	0.008570
0.15625	0.009008
0.15675	0.008508
0.15685	0.008495
0.15720	0.009372
0.15730	0.008446
0.15740	0.008878
0.15750	0.008422
0.15775	0.008397
0.15785	0.008827
0.15810	0.008801
0.15855	0.008313
0.15890	0.007864
0.15910	0.008255
0.15945	0.008220
0.16025	0.007732
0.16055	0.007700
0.16090	0.007668
0.16125	0.008461
0.16145	0.008016
0.16180	0.007205
0.16190	0.007574
0.16255	0.007512
0.16345	0.007060
0.16355	0.007050
0.16455	0.006966
0.16520	0.006912
0.16585	0.006857
0.16735	0.006398
0.16905	0.006269
